96
177
101
203
33
249
51
102
231
141
280
293
75
126
68
256
174
133
144
108
63
148
275
271
127
179
197
288
180
168
299
45
146
93
39
282
106
169
20
3
158
297
13
9
211
124
104
220
219
90
189
14
216
192
205
210
152
241
264
105
139
287
49
182
70
28
209
27
161
60
95
143
58
254
17
5
195
113
226
292
103
222
212
291
74
25
166
175
229
88
154
85
167
233
40
278
163
147
56
238
172
290
176
234
19
232
91
55
173
204
121
15
263
181
213
62
57
77
281
164
66
188
196
119
252
157
8
198
246
50
277
53
243
190
123
131
21
67
114
230
26
43
1
10
200
193
151
72
294
4
284
118
285
202
242
194
31
136
255
207
240
165
184
112
262
248
129
273
35
16
64
258
99
268
221
259
47
117
162
199
2
12
217
44
267
153
218
159
78
155
116
30
150
98
125
274
37
24
266
134
253
32
251
128
6
81
298
130
132
65
208
52
247
107
61
7
215
296
178
42
137
239
223
171
201
236
149
41
97
265
224
156
257
269
23
100
36
34
191
89
109
138
283
120
228
272
286
187
84
245
122
225
115
86
250
110
22
170
92
244
87
227
29
11
237
69
183
145
235
261
140
79
76
186
214
270
18
83
54
71
48
135
260
160
80
142
279
295
82
46
111
94
59
289
38
276
206
185
73
0